image_width: 320
image_height: 240
camera_name: tools_camera
camera_matrix:
  rows: 3
  cols: 3
  data: [127.324000, 0.000000, 160.000000, 0.000000, 127.324000, 120.000000, 0.000000, 0.000000, 1.000000]
distortion_model: equidistant
distortion_coefficients:
  rows: 1
  cols: 4
  data: [0.000000, 0.000000, 0.000000, 0.000000]
rectification_matrix:
  rows: 3
  cols: 3
  data: [1.000000, 0.000000, 0.000000, 0.000000, 1.000000, 0.000000, 0.000000, 0.000000, 1.000000]
projection_matrix:
  rows: 3
  cols: 4
  data: [127.324000, 0.000000, 160.000000, 0.000000, 0.000000, 127.324000, 120.000000, 0.000000, 0.000000, 0.000000, 1.000000, 0.000000]
